0 1.6161208e-06
0.1 5.6242315e-07
0.2 8.9326354e-09
0.3 5.5048925e-07
0.4 1.9659684e-07
0.5 4.8945276e-08
0.6 4.4138741e-07
0.7 3.031647e-07
0.8 2.6269632e-08
0.9 3.7350304e-07
1 9.7612752e-08
1.1 3.1245688e-07
1.2 4.9949613e-07
1.3 5.8906561e-07
1.4 4.30155e-07
1.5 3.4517635e-08
1.6 2.9709979e-07
1.7 4.3404144e-07
1.8 2.9514746e-07
1.9 3.9799973e-07
2 6.7057982e-07
2.1 7.7951177e-07
2.2 4.759774e-07
2.3 4.4896783e-09
2.4 3.2951007e-07
2.5 3.1849681e-09
2.6 2.5430651e-09
2.7 5.0018227e-06
2.8 2.6090504e-06
2.9 4.4125815e-06
3 5.3137118e-06
3.1 5.3012762e-06
3.2 7.3957543e-06
3.3 4.5294429e-06
3.4 6.8486609e-06
3.5 6.7646571e-06
3.6 1.0844178e-05
3.7 7.7788521e-06
3.8 5.2185131e-06
3.9 1.1055666e-05
4 8.7520074e-06
