0 2.1005937e-06
0.1 2.1685854e-06
0.2 1.6631739e-07
0.3 1.1128346e-07
0.4 2.2040949e-07
0.5 2.8264925e-07
0.6 5.6741368e-07
0.7 5.333175e-07
0.8 1.0519941e-07
0.9 6.6923154e-07
1 4.8281362e-07
1.1 5.9370244e-07
1.2 4.0367678e-07
1.3 7.5383404e-07
1.4 1.4848184e-07
1.5 7.7040833e-07
1.6 1.3335519e-06
1.7 9.1146961e-07
1.8 6.937146e-07
1.9 3.3880747e-07
2 5.2441248e-08
2.1 3.7775698e-07
2.2 2.6032938e-07
2.3 6.1541146e-07
2.4 5.4498372e-07
2.5 2.2098543e-06
2.6 3.6314106e-06
2.7 5.0618137e-06
2.8 3.2455005e-06
2.9 4.7558237e-06
3 4.5052609e-06
3.1 7.4159721e-06
3.2 7.0893679e-06
3.3 9.8856061e-06
3.4 7.2537124e-06
3.5 1.1840747e-05
3.6 1.3466439e-05
3.7 1.2271506e-05
3.8 9.6793362e-06
3.9 1.2754339e-05
4 1.1025615e-05
