0 5.8071544e-07
0.1 7.846414e-07
0.2 1.3115639e-08
0.3 2.3341635e-08
0.4 2.294485e-07
0.5 1.2271846e-07
0.6 1.0298609e-07
0.7 1.3208449e-07
0.8 3.7682774e-07
0.9 5.4475247e-07
1 3.6816255e-07
1.1 4.2642518e-07
1.2 3.9895938e-07
1.3 1.9770702e-07
1.4 9.6297184e-08
1.5 5.077624e-07
1.6 4.9342918e-07
1.7 6.7704945e-07
1.8 6.006503e-07
1.9 7.1507208e-07
2 4.9194771e-07
2.1 8.9400326e-07
2.2 8.1094018e-08
2.3 2.5080936e-07
2.4 9.3170317e-07
2.5 6.3936772e-07
2.6 4.264371e-07
2.7 3.4442426e-07
2.8 4.9839398e-06
2.9 6.817356e-06
3 6.6481566e-06
3.1 2.2125909e-06
3.2 8.7609823e-07
3.3 7.8964835e-06
3.4 1.1003977e-05
3.5 9.4532908e-06
3.6 5.6691452e-06
3.7 8.473199e-06
3.8 8.6212839e-06
3.9 5.624677e-06
4 1.1026583e-05
