0 1.2470366e-07
0.1 3.5167531e-07
0.2 4.2144092e-07
0.3 9.3073531e-07
0.4 3.6791395e-07
0.5 2.4407114e-07
0.6 3.5068368e-07
0.7 5.2960752e-07
0.8 5.4450373e-08
0.9 5.1007733e-07
1 6.353048e-07
1.1 6.2554345e-07
1.2 6.2013769e-07
1.3 6.1855407e-07
1.4 2.2736693e-07
1.5 3.4671981e-07
1.6 4.1842729e-07
1.7 6.1572529e-07
1.8 1.8712881e-07
1.9 3.8141736e-07
2 1.669521e-07
2.1 9.4873445e-08
2.2 2.4882674e-07
2.3 2.3066543e-07
2.4 4.8156218e-07
2.5 2.0670586e-07
2.6 3.0345758e-06
2.7 2.9649691e-06
2.8 3.521427e-06
2.9 4.0988568e-06
3 4.9039074e-06
3.1 1.7922716e-06
3.2 7.1342768e-06
3.3 8.3173278e-06
3.4 5.8494059e-06
3.5 4.8433938e-06
3.6 7.4948312e-06
3.7 8.7914901e-06
3.8 6.0177265e-06
3.9 1.0264724e-05
4 9.3275708e-06
