0 3.1750435e-09
0.1 5.2781353e-08
0.2 1.8092265e-07
0.3 2.2547032e-07
0.4 4.1738734e-07
0.5 3.1525206e-07
0.6 2.8025857e-07
0.7 1.288268e-07
0.8 1.8382069e-07
0.9 7.8652205e-07
1 2.6182843e-07
1.1 3.6939649e-07
1.2 4.9018966e-07
1.3 7.0380479e-07
1.4 4.6120997e-07
1.5 2.1430202e-07
1.6 1.6768295e-06
1.7 1.1812313e-07
1.8 1.7110498e-06
1.9 2.0375661e-07
2 1.3003096e-06
2.1 5.0568794e-07
2.2 2.699954e-07
2.3 1.4331426e-07
2.4 4.0191911e-07
2.5 2.7623273e-07
2.6 1.5185647e-07
2.7 9.0382637e-07
2.8 2.0123484e-07
2.9 8.6822878e-07
3 3.774816e-06
3.1 2.9652036e-06
3.2 5.2465699e-06
3.3 7.4700144e-06
3.4 8.8899168e-06
3.5 6.4564242e-06
3.6 8.0082136e-06
3.7 1.1326256e-05
3.8 9.7840616e-06
3.9 7.4402391e-06
4 8.8393165e-06
