0 6.3402879e-08
0.1 2.488933e-07
0.2 5.7893173e-08
0.3 3.4314675e-07
0.4 3.8250891e-07
0.5 4.6156178e-07
0.6 6.524967e-07
0.7 3.03916e-07
0.8 4.6837208e-07
0.9 7.6345984e-07
1 5.2396234e-07
1.1 1.8108047e-07
1.2 6.7228024e-07
1.3 7.7114072e-07
1.4 7.5827254e-07
1.5 3.7244051e-07
1.6 5.4291652e-07
1.7 1.5111496e-07
1.8 5.8031092e-07
1.9 8.8498663e-08
2 1.1449982e-06
2.1 1.5038043e-08
2.2 3.0059774e-07
2.3 8.2670216e-07
2.4 2.1039389e-06
2.5 1.2027836e-06
2.6 1.8022157e-06
2.7 3.0874832e-06
2.8 2.5798268e-06
2.9 3.6965775e-06
3 6.2549153e-06
3.1 7.3387951e-06
3.2 7.8034987e-06
3.3 6.9977434e-06
3.4 6.9216693e-06
3.5 8.456719e-06
3.6 6.3935397e-06
3.7 8.7295768e-06
3.8 1.0436288e-05
3.9 1.1224147e-05
4 1.180212e-05
