0 1.194355e-07
0.1 1.1524367e-07
0.2 1.0777749e-08
0.3 1.7620889e-07
0.4 5.6162989e-07
0.5 4.9016287e-07
0.6 5.292101e-07
0.7 3.5850527e-07
0.8 2.3854786e-07
0.9 4.9459894e-07
1 5.1284867e-08
1.1 2.6570093e-07
1.2 1.5423343e-07
1.3 6.4800715e-07
1.4 4.5855662e-07
1.5 5.7915146e-07
1.6 3.1028019e-07
1.7 5.9162646e-07
1.8 8.7457494e-07
1.9 2.7222909e-08
2 3.0384591e-07
2.1 1.2550215e-07
2.2 1.1555628e-07
2.3 1.4754434e-07
2.4 8.4849642e-07
2.5 2.0185801e-07
2.6 2.9576802e-07
2.7 5.9451936e-07
2.8 1.3549525e-07
2.9 2.4428114e-07
3 4.0451411e-06
3.1 6.0723905e-06
3.2 7.1131964e-06
3.3 9.1479777e-06
3.4 1.051928e-05
3.5 9.9275084e-06
3.6 1.1015921e-05
3.7 1.2973147e-05
3.8 1.0147638e-05
3.9 1.0085282e-05
4 1.4989979e-05
