0 2.6757274e-07
0.1 2.3259848e-07
0.2 4.6846094e-07
0.3 5.3041743e-07
0.4 4.721419e-07
0.5 6.9293123e-07
0.6 8.4260236e-08
0.7 4.1153013e-07
0.8 1.0068566e-07
0.9 4.388663e-07
1 8.8021211e-07
1.1 4.2596585e-07
1.2 8.8538954e-07
1.3 7.8560876e-07
1.4 3.8555219e-07
1.5 5.9352796e-08
1.6 1.1115943e-07
1.7 3.2591351e-07
1.8 5.2027643e-07
1.9 6.2906981e-07
2 6.4902325e-07
2.1 2.4190219e-07
2.2 2.2335721e-07
2.3 1.7760117e-08
2.4 4.0185834e-08
2.5 7.2950772e-07
2.6 9.6580865e-07
2.7 2.3444939e-06
2.8 3.4639086e-06
2.9 2.7235061e-06
3 3.8737558e-08
3.1 7.4936188e-06
3.2 8.3019091e-06
3.3 3.7930319e-06
3.4 7.6102323e-06
3.5 7.5251785e-06
3.6 9.295398e-06
3.7 7.0558011e-06
3.8 9.1860243e-06
3.9 4.7107204e-06
4 8.0812829e-06
