0 1.8137009e-08
0.1 1.915003e-07
0.2 6.4730121e-07
0.3 2.9729351e-07
0.4 2.6733044e-07
0.5 4.4115071e-07
0.6 2.0914573e-07
0.7 1.9300278e-07
0.8 5.4442676e-07
0.9 1.6205825e-07
1 1.0252248e-07
1.1 1.4170995e-07
1.2 3.273338e-07
1.3 4.7400031e-07
1.4 6.9770274e-07
1.5 1.1062587e-07
1.6 2.7576971e-07
1.7 3.0587103e-07
1.8 3.6897703e-07
1.9 2.0674663e-07
2 2.1416058e-07
2.1 4.4065295e-07
2.2 1.804739e-07
2.3 3.0188765e-07
2.4 6.3237085e-07
2.5 2.1107027e-07
2.6 8.4133034e-07
2.7 5.4393978e-07
2.8 5.1065749e-07
2.9 1.0321832e-08
3 6.0587332e-08
3.1 8.5256602e-09
3.2 7.9138168e-06
3.3 2.2356553e-06
3.4 3.2803416e-06
3.5 1.0445592e-05
3.6 3.4057112e-06
3.7 8.3376085e-06
3.8 7.9113277e-06
3.9 4.3488974e-06
4 6.3139229e-06
